   PID    TID %CPU     TIME NLWP  C
 41991  41991  0.0 00:00:00 1072  0
 41991  41992  0.0 00:00:03 1072  0
 41991  41993  0.0 00:00:16 1072  0
 41991  41994  0.0 00:00:16 1072  0
 41991  41995  0.0 00:00:16 1072  0
 41991  41996  0.0 00:00:16 1072  0
 41991  41997  0.0 00:00:16 1072  0
 41991  41998  0.0 00:00:16 1072  0
 41991  41999  0.0 00:00:16 1072  0
 41991  42000  0.0 00:00:16 1072  0
 41991  42001  0.0 00:00:16 1072  0
 41991  42002  0.0 00:00:16 1072  0
 41991  42003  1.1 00:06:41 1072  1
 41991  42004  99.0 00:00:00 1072  0
 41991  42005  0.0 00:00:00 1072  0
 41991  42006  0.0 00:00:00 1072  0
 41991  42007  0.1 00:01:01 1072  0
 41991  42008  0.1 00:00:59 1072  0
 41991  42009  0.2 00:01:12 1072  0
 41991  42010  0.0 00:00:30 1072  0
 41991  42011  0.0 00:00:00 1072  0
 41991  42012  0.0 00:00:00 1072  0
 41991  42013  0.0 00:00:21 1072  0
 41991  42021  0.0 00:00:01 1072  0
 41991  42023  0.0 00:00:00 1072  0
 41991  42024  0.0 00:00:03 1072  0
 41991  42026  0.0 00:00:00 1072  0
 41991  42030  0.0 00:00:00 1072  0
 41991  42032  0.0 00:00:00 1072  0
 41991  42033  0.0 00:00:00 1072  0
 41991  42035  0.0 00:00:00 1072  0
 41991  42036  0.0 00:00:00 1072  0
 41991  42487  0.0 00:00:00 1072  0
 41991  42488  0.0 00:00:02 1072  0
 41991  42492  0.0 00:00:00 1072  0
 41991  42493  0.0 00:00:00 1072  0
 41991  42494  0.0 00:00:00 1072  0
 41991  42496  0.0 00:00:00 1072  0
 41991  42499  0.0 00:00:00 1072  0
 41991  42500  0.0 00:00:00 1072  0
 41991  42541  0.0 00:00:00 1072  0
 41991  42542  0.0 00:00:01 1072  0
 41991  42543  0.0 00:00:00 1072  0
 41991  42544  0.0 00:00:05 1072  0
 41991  42545  0.0 00:00:02 1072  0
 41991  42546  0.0 00:00:02 1072  0
 41991  42547  0.0 00:00:02 1072  0
 41991  42548  0.0 00:00:01 1072  0
 41991  42549  0.0 00:00:02 1072  0
 41991  42550  0.0 00:00:01 1072  0
 41991  42551  0.0 00:00:01 1072  0
 41991  42552  0.0 00:00:01 1072  0
 41991  42553  0.0 00:00:01 1072  0
 41991  42554  0.0 00:00:02 1072  0
 41991  42555  0.0 00:00:06 1072  0
 41991  42556  0.0 00:00:02 1072  0
 41991  42557  0.0 00:00:13 1072  0
 41991  42558  0.0 00:00:12 1072  0
 41991  42559  0.0 00:00:15 1072  0
 41991  42560  0.0 00:00:17 1072  0
 41991  42561  0.0 00:00:32 1072  0
 41991  42562  0.1 00:00:37 1072  0
 41991  42563  0.0 00:00:26 1072  0
 41991  42564  0.0 00:00:30 1072  0
 41991  42565  0.0 00:00:34 1072  0
 41991  42566  0.0 00:00:30 1072  0
 41991  42567  0.0 00:00:23 1072  0
 41991  42568  0.0 00:00:21 1072  0
 41991  42571  0.0 00:00:00 1072  0
 41991  42572  0.0 00:00:00 1072  0
 41991  42573  0.0 00:00:00 1072  0
 41991  42574  0.0 00:00:00 1072  0
 41991  42575  1.4 00:08:59 1072  1
 41991  42576  0.0 00:00:00 1072  0
 41991  42577  0.0 00:00:00 1072  0
 41991  42578  0.0 00:00:00 1072  0
 41991  42579  1.4 00:08:57 1072  1
 41991  42580  0.0 00:00:00 1072  0
 41991  42581  0.0 00:00:00 1072  0
 41991  42582  0.0 00:00:00 1072  0
 41991  42584  0.0 00:00:00 1072  0
 41991  42587  0.0 00:00:13 1072  0
 41991  42588  0.0 00:00:00 1072  0
 41991  42589  0.0 00:00:00 1072  0
 41991  42590  0.0 00:00:00 1072  0
 41991  42591  0.0 00:00:00 1072  0
 41991  42592  0.0 00:00:00 1072  0
 41991  42593  0.0 00:00:00 1072  0
 41991  42594  0.0 00:00:00 1072  0
 41991  42595  0.0 00:00:00 1072  0
 41991  42596  0.0 00:00:00 1072  0
 41991  42597  0.0 00:00:00 1072  0
 41991  42598  0.0 00:00:00 1072  0
 41991  42599  0.0 00:00:00 1072  0
 41991  42600  0.0 00:00:00 1072  0
 41991  42601  0.0 00:00:00 1072  0
 41991  42602  0.0 00:00:00 1072  0
 41991  42603  0.0 00:00:00 1072  0
 41991  42604  0.0 00:00:00 1072  0
 41991  42605  0.0 00:00:00 1072  0
 41991  42606  0.0 00:00:00 1072  0
 41991  42607  0.0 00:00:00 1072  0
 41991  42722  0.0 00:00:00 1072  0
 41991  43600  0.0 00:00:00 1072  0
 41991  44309  0.0 00:00:00 1072  0
 41991  44412  0.0 00:00:00 1072  0
 41991  44420  0.0 00:00:00 1072  0
 41991  44422  0.0 00:00:00 1072  0
 41991  44423  80.12 00:00:00 1072  0
 41991  44425  80.54 00:00:48 1072  0
 41991  44428  19.23 00:00:01 1072  0
 41991  44459  0.0 00:00:09 1072  0
 41991  44460  0.1 00:00:40 1072  0
 41991  44461  0.1 00:00:42 1072  0
 41991  44462  0.0 00:00:35 1072  0
 41991  44463  0.0 00:00:35 1072  0
 41991  44464  0.1 00:00:40 1072  0
 41991  44465  0.0 00:00:35 1072  0
 41991  44466  0.1 00:00:37 1072  0
 41991  44467  0.0 00:00:26 1072  0
 41991  44468  0.0 00:00:29 1072  0
 41991  44469  0.0 00:00:36 1072  0
 41991  44470  0.0 00:00:32 1072  0
 41991  44471  0.0 00:00:34 1072  0
 41991  44472  0.0 00:00:00 1072  0
 41991  44473  0.0 00:00:00 1072  0
 41991  44474  0.0 00:00:00 1072  0
 41991  44475  0.0 00:00:00 1072  0
 41991  44476  0.0 00:00:00 1072  0
 41991  44477  0.0 00:00:00 1072  0
 41991  44478  0.0 00:00:00 1072  0
 41991  44479  0.0 00:00:00 1072  0
 41991  44480  0.0 00:00:00 1072  0
 41991  44481  0.0 00:00:00 1072  0
 41991  44482  0.0 00:00:00 1072  0
 41991  44483  0.0 00:00:01 1072  0
 41991  44484  0.0 00:00:00 1072  0
 41991  44485  0.0 00:00:01 1072  0
 41991  44486  0.0 00:00:00 1072  0
 41991  44487  0.0 00:00:00 1072  0
 41991  44488  0.0 00:00:00 1072  0
 41991  44489  0.0 00:00:00 1072  0
 41991  44490  0.0 00:00:00 1072  0
 41991  44491  0.0 00:00:00 1072  0
 41991  44492  0.0 00:00:00 1072  0
 41991  44493  0.0 00:00:00 1072  0
 41991  44494  0.0 00:00:00 1072  0
 41991  44495  0.0 00:00:00 1072  0
 41991  44496  0.0 00:00:00 1072  0
 41991  44497  0.0 00:00:00 1072  0
 41991  44498  0.0 00:00:00 1072  0
 41991  44499  0.0 00:00:00 1072  0
 41991  44500  0.0 00:00:00 1072  0
 41991  44501  0.0 00:00:00 1072  0
 41991  44502  0.0 00:00:00 1072  0
 41991  44503  0.0 00:00:00 1072  0
 41991  44504  0.0 00:00:00 1072  0
 41991  44505  0.0 00:00:00 1072  0
 41991  44506  0.0 00:00:00 1072  0
 41991  44507  0.0 00:00:00 1072  0
 41991  44508  0.0 00:00:00 1072  0
 41991  44509  0.0 00:00:00 1072  0
 41991  44510  0.0 00:00:00 1072  0
 41991  44511  0.0 00:00:00 1072  0
 41991  44512  0.0 00:00:00 1072  0
 41991  44513  0.0 00:00:00 1072  0
 41991  44514  0.0 00:00:00 1072  0
 41991  44515  0.0 00:00:00 1072  0
 41991  44516  12.34 00:00:00 1072  0
 41991  44517  0.0 00:00:00 1072  0
 41991  44518  0.0 00:00:00 1072  0
 41991  44519  0.0 00:00:00 1072  0
 41991  44520  0.0 00:00:00 1072  0
 41991  44521  0.0 00:00:00 1072  0
 41991  44522  0.0 00:00:00 1072  0
 41991  44523  0.0 00:00:00 1072  0
 41991  44524  0.0 00:00:00 1072  0
 41991  44525  0.0 00:00:00 1072  0
 41991  44526  0.0 00:00:00 1072  0
 41991  44527  0.0 00:00:00 1072  0
 41991  44528  0.0 00:00:00 1072  0
 41991  44529  0.0 00:00:00 1072  0
 41991  44530  0.0 00:00:00 1072  0
 41991  44531  0.0 00:00:00 1072  0
 41991  44532  0.0 00:00:00 1072  0
 41991  44533  0.0 00:00:00 1072  0
 41991  44534  0.0 00:00:00 1072  0
 41991  44535  0.0 00:00:00 1072  0
 41991  44536  0.0 00:00:01 1072  0
 41991  44537  0.0 00:00:01 1072  0
 41991  44538  0.0 00:00:00 1072  0
 41991  44539  0.0 00:00:00 1072  0
 41991  44540  0.0 00:00:01 1072  0
 41991  44541  0.0 00:00:00 1072  0
 41991  44542  0.0 00:00:00 1072  0
 41991  44543  0.0 00:00:00 1072  0
 41991  44544  0.0 00:00:01 1072  0
 41991  44545  0.0 00:00:00 1072  0
 41991  44546  0.0 00:00:00 1072  0
 41991  44547  0.0 00:00:00 1072  0
 41991  44548  0.0 00:00:00 1072  0
 41991  44549  0.0 00:00:00 1072  0
 41991  44550  0.0 00:00:00 1072  0
 41991  44551  0.0 00:00:00 1072  0
 41991  44552  0.0 00:00:00 1072  0
 41991  44553  0.0 00:00:00 1072  0
 41991  44554  0.0 00:00:00 1072  0
 41991  44555  0.0 00:00:00 1072  0
 41991  44556  0.0 00:00:00 1072  0
 41991  44557  0.0 00:00:00 1072  0
 41991  44558  0.0 00:00:00 1072  0
 41991  44559  0.0 00:00:00 1072  0
 41991  44560  0.0 00:00:00 1072  0
 41991  44561  0.0 00:00:00 1072  0
 41991  44562  0.0 00:00:00 1072  0
 41991  44563  0.0 00:00:00 1072  0
 41991  44564  0.0 00:00:00 1072  0
 41991  44565  0.0 00:00:00 1072  0
 41991  44566  0.0 00:00:00 1072  0
 41991  44567  0.0 00:00:00 1072  0
 41991  44568  0.0 00:00:00 1072  0
 41991  44569  0.0 00:00:00 1072  0
 41991  44570  0.0 00:00:00 1072  0
 41991  44571  0.0 00:00:00 1072  0
 41991  44572  0.0 00:00:00 1072  0
 41991  44573  0.0 00:00:00 1072  0
 41991  44574  0.0 00:00:00 1072  0
 41991  44575  0.0 00:00:00 1072  0
 41991  44576  0.0 00:00:00 1072  0
 41991  44577  0.0 00:00:00 1072  0
 41991  44578  0.0 00:00:00 1072  0
 41991  44579  0.0 00:00:00 1072  0
 41991  44580  0.0 00:00:00 1072  0
 41991  44581  0.0 00:00:00 1072  0
 41991  44582  0.0 00:00:00 1072  0
 41991  44583  0.0 00:00:00 1072  0
 41991  44584  0.0 00:00:00 1072  0
 41991  44585  0.0 00:00:00 1072  0
 41991  44586  0.0 00:00:00 1072  0
 41991  44587  0.0 00:00:00 1072  0
 41991  44588  0.0 00:00:00 1072  0
 41991  44589  0.0 00:00:00 1072  0
 41991  44590  0.0 00:00:00 1072  0
 41991  44591  0.0 00:00:01 1072  0
 41991  44592  0.0 00:00:01 1072  0
 41991  44593  0.0 00:00:00 1072  0
 41991  44594  0.0 00:00:00 1072  0
 41991  44609  0.0 00:00:00 1072  0
 41991  44621  0.0 00:00:00 1072  0
 41991  44622  0.0 00:00:00 1072  0
 41991  44623  0.0 00:00:00 1072  0
 41991  44624  0.0 00:00:00 1072  0
 41991  44626  0.0 00:00:00 1072  0
 41991  44627  0.0 00:00:00 1072  0
 41991  44632  0.0 00:00:00 1072  0
 41991  44635  0.0 00:00:00 1072  0
 41991  44636  0.0 00:00:00 1072  0
 41991  44654  0.0 00:00:11 1072  0
 41991  44655  0.0 00:00:01 1072  0
 41991  44656  0.0 00:00:11 1072  0
 41991  44657  0.0 00:00:01 1072  0
 41991  44658  0.0 00:00:01 1072  0
 41991  44659  0.0 00:00:00 1072  0
 41991  44660  0.0 00:00:11 1072  0
 41991  44661  0.0 00:00:11 1072  0
 41991  44662  0.0 00:00:01 1072  0
 41991  44663  0.0 00:00:01 1072  0
 41991  44664  0.0 00:00:11 1072  0
 41991  44665  0.0 00:00:11 1072  0
 41991  44666  0.0 00:00:01 1072  0
 41991  44668  0.0 00:00:11 1072  0
 41991  44669  0.0 00:00:11 1072  0
 41991  44670  0.0 00:00:01 1072  0
 41991  44671  0.0 00:00:01 1072  0
 41991  44672  0.0 00:00:11 1072  0
 41991  44673  0.0 00:00:11 1072  0
 41991  44674  0.0 00:00:01 1072  0
 41991  44675  0.0 00:00:01 1072  0
 41991  44677  0.0 00:00:11 1072  0
 41991  44678  0.0 00:00:11 1072  0
 41991  44679  0.0 00:00:01 1072  0
 41991  44680  0.0 00:00:01 1072  0
 41991  44681  0.0 00:00:11 1072  0
 41991  44682  0.0 00:00:01 1072  0
 41991  44684  0.0 00:00:11 1072  0
 41991  44685  0.0 00:00:01 1072  0
 41991  44686  0.0 00:00:11 1072  0
 41991  44687  0.0 00:00:01 1072  0
 41991  44689  0.0 00:00:11 1072  0
 41991  44690  0.0 00:00:01 1072  0
 41991  44691  0.0 00:00:11 1072  0
 41991  44692  0.0 00:00:11 1072  0
 41991  44693  0.0 00:00:01 1072  0
 41991  44694  0.0 00:00:01 1072  0
 41991  44695  0.0 00:00:11 1072  0
 41991  44696  99.99 00:00:11 1072  0
 41991  44697  0.0 00:00:01 1072  0
 41991  44698  100.0 00:00:01 1072  0
 41991  44699  0.0 00:00:11 1072  0
 41991  44700  0.0 00:00:01 1072  0
 41991  44701  0.0 00:00:01 1072  0
 41991  44702  0.0 00:00:11 1072  0
 41991  44703  0.0 00:00:01 1072  0
 41991  44704  0.0 00:00:01 1072  0
 41991  44705  0.0 00:00:11 1072  0
 41991  44706  0.0 00:00:11 1072  0
 41991  44707  0.0 00:00:01 1072  0
 41991  44708  0.0 00:00:01 1072  0
 41991  44709  0.0 00:00:01 1072  0
 41991  44711  0.0 00:00:11 1072  0
 41991  44712  0.0 00:00:01 1072  0
 41991  44713  0.0 00:00:12 1072  0
 41991  44714  0.0 00:00:11 1072  0
 41991  44715  0.0 00:00:01 1072  0
 41991  44716  0.0 00:00:01 1072  0
 41991  44717  0.0 00:00:01 1072  0
 41991  44718  0.0 00:00:11 1072  0
 41991  44719  0.0 00:00:11 1072  0
 41991  44720  0.0 00:00:01 1072  0
 41991  44721  0.0 00:00:11 1072  0
 41991  44722  0.0 00:00:01 1072  0
 41991  44723  0.0 00:00:01 1072  0
 41991  44724  0.0 00:00:01 1072  0
 41991  44725  0.0 00:00:11 1072  0
 41991  44726  0.0 00:00:01 1072  0
 41991  44727  0.0 00:00:01 1072  0
 41991  44729  0.0 00:00:11 1072  0
 41991  44730  0.0 00:00:11 1072  0
 41991  44731  0.0 00:00:01 1072  0
 41991  44732  0.0 00:00:01 1072  0
 41991  44733  0.0 00:00:11 1072  0
 41991  44734  0.0 00:00:01 1072  0
 41991  44735  0.0 00:00:01 1072  0
 41991  44736  0.0 00:00:11 1072  0
 41991  44737  0.0 00:00:11 1072  0
 41991  44738  0.0 00:00:11 1072  0
 41991  44739  0.0 00:00:01 1072  0
 41991  44740  0.0 00:00:01 1072  0
 41991  44741  0.0 00:00:12 1072  0
 41991  44742  0.0 00:00:01 1072  0
 41991  44743  0.0 00:00:11 1072  0
 41991  44744  0.0 00:00:01 1072  0
 41991  44746  0.0 00:00:11 1072  0
 41991  44747  0.0 00:00:01 1072  0
 41991  44748  0.0 00:00:11 1072  0
 41991  44749  0.0 00:00:01 1072  0
 41991  44750  0.0 00:00:01 1072  0
 41991  44751  0.0 00:00:11 1072  0
 41991  44752  0.0 00:00:11 1072  0
 41991  44753  0.0 00:00:01 1072  0
 41991  44754  0.0 00:00:01 1072  0
 41991  44755  0.0 00:00:11 1072  0
 41991  44756  0.0 00:00:01 1072  0
 41991  44757  0.0 00:00:01 1072  0
 41991  44758  0.0 00:00:11 1072  0
 41991  44759  0.0 00:00:01 1072  0
 41991  44760  0.0 00:00:01 1072  0
 41991  44762  0.0 00:00:11 1072  0
 41991  44763  0.0 00:00:11 1072  0
 41991  44764  0.0 00:00:11 1072  0
 41991  44765  0.0 00:00:01 1072  0
 41991  44766  0.0 00:00:01 1072  0
 41991  44767  0.0 00:00:11 1072  0
 41991  44768  0.0 00:00:11 1072  0
 41991  44769  0.0 00:00:01 1072  0
 41991  44770  0.0 00:00:01 1072  0
 41991  44771  0.0 00:00:01 1072  0
 41991  44772  0.0 00:00:11 1072  0
 41991  44773  0.0 00:00:01 1072  0
 41991  44774  0.0 00:00:11 1072  0
 41991  44775  0.0 00:00:01 1072  0
 41991  44776  0.0 00:00:11 1072  0
 41991  44777  0.0 00:00:12 1072  0
 41991  44778  0.0 00:00:01 1072  0
 41991  44779  0.0 00:00:01 1072  0
 41991  44780  0.0 00:00:11 1072  0
 41991  44781  0.0 00:00:01 1072  0
 41991  44782  0.0 00:00:01 1072  0
 41991  44834  0.0 00:00:11 1072  0
 41991  44835  0.0 00:00:01 1072  0
 41991  44836  0.0 00:00:11 1072  0
 41991  44837  0.0 00:00:11 1072  0
 41991  44838  0.0 00:00:01 1072  0
 41991  44839  0.0 00:00:01 1072  0
 41991  44840  0.0 00:00:11 1072  0
 41991  44841  0.0 00:00:11 1072  0
 41991  44842  0.0 00:00:01 1072  0
 41991  44843  0.0 00:00:11 1072  0
 41991  44844  0.0 00:00:12 1072  0
 41991  44845  0.0 00:00:01 1072  0
 41991  44846  0.0 00:00:01 1072  0
 41991  44847  0.0 00:00:12 1072  0
 41991  44848  0.0 00:00:01 1072  0
 41991  44849  0.0 00:00:01 1072  0
 41991  44850  0.0 00:00:01 1072  0
 41991  44851  0.0 00:00:12 1072  0
 41991  44852  0.0 00:00:01 1072  0
 41991  44853  0.0 00:00:01 1072  0
 41991  44854  0.0 00:00:11 1072  0
 41991  44855  0.0 00:00:01 1072  0
 41991  44887  0.0 00:00:11 1072  0
 41991  44897  0.0 00:00:11 1072  0
 41991  44899  0.0 00:00:01 1072  0
 41991  44907  0.0 00:00:01 1072  0
 41991  44948  0.0 00:00:11 1072  0
 41991  44974  0.0 00:00:11 1072  0
 41991  45176  0.0 00:00:11 1072  0
 41991  45185  0.0 00:00:11 1072  0
 41991  45189  0.0 00:00:01 1072  0
 41991  45240  0.0 00:00:11 1072  0
 41991  45241  0.0 00:00:01 1072  0
 41991  45242  0.0 00:00:01 1072  0
 41991  45243  0.0 00:00:01 1072  0
 41991  45244  0.0 00:00:12 1072  0
 41991  45245  0.0 00:00:01 1072  0
 41991  45246  0.0 00:00:01 1072  0
 41991  45247  0.0 00:00:11 1072  0
 41991  45248  0.0 00:00:11 1072  0
 41991  45249  0.0 00:00:01 1072  0
 41991  45250  0.0 00:00:00 1072  0
 41991  45251  0.0 00:00:11 1072  0
 41991  45252  0.0 00:00:01 1072  0
 41991  45253  0.0 00:00:01 1072  0
 41991  45254  0.0 00:00:11 1072  0
 41991  45255  0.0 00:00:11 1072  0
 41991  45256  0.0 00:00:11 1072  0
 41991  45257  0.0 00:00:01 1072  0
 41991  45259  0.0 00:00:01 1072  0
 41991  45260  0.0 00:00:11 1072  0
 41991  45261  0.0 00:00:01 1072  0
 41991  45262  0.0 00:00:12 1072  0
 41991  45263  0.0 00:00:01 1072  0
 41991  45264  0.0 00:00:11 1072  0
 41991  45265  0.0 00:00:01 1072  0
 41991  45266  0.0 00:00:11 1072  0
 41991  45267  0.0 00:00:01 1072  0
 41991  45268  0.0 00:00:01 1072  0
 41991  45269  0.0 00:00:11 1072  0
 41991  45270  0.0 00:00:11 1072  0
 41991  45271  0.0 00:00:01 1072  0
 41991  45273  0.0 00:00:12 1072  0
 41991  45274  0.0 00:00:11 1072  0
 41991  45275  0.0 00:00:01 1072  0
 41991  45276  0.0 00:00:01 1072  0
 41991  45277  0.0 00:00:01 1072  0
 41991  45278  0.0 00:00:11 1072  0
 41991  45279  0.0 00:00:01 1072  0
 41991  45280  0.0 00:00:01 1072  0
 41991  45281  0.0 00:00:11 1072  0
 41991  45282  0.0 00:00:12 1072  0
 41991  45283  0.0 00:00:11 1072  0
 41991  45284  0.0 00:00:11 1072  0
 41991  45285  0.0 00:00:12 1072  0
 41991  45286  0.0 00:00:11 1072  0
 41991  45287  0.0 00:00:11 1072  0
 41991  45288  0.0 00:00:01 1072  0
 41991  45289  0.0 00:00:11 1072  0
 41991  45290  0.0 00:00:01 1072  0
 41991  45291  0.0 00:00:11 1072  0
 41991  45292  0.0 00:00:01 1072  0
 41991  45294  0.0 00:00:11 1072  0
 41991  45295  0.0 00:00:12 1072  0
 41991  45296  0.0 00:00:01 1072  0
 41991  45297  0.0 00:00:01 1072  0
 41991  45298  0.0 00:00:11 1072  0
 41991  45299  0.0 00:00:12 1072  0
 41991  45300  0.0 00:00:11 1072  0
 41991  45301  0.0 00:00:11 1072  0
 41991  45302  0.0 00:00:11 1072  0
 41991  45303  0.0 00:00:01 1072  0
 41991  45304  0.0 00:00:11 1072  0
 41991  45305  0.0 00:00:11 1072  0
 41991  45306  0.0 00:00:01 1072  0
 41991  45307  0.0 00:00:01 1072  0
 41991  45308  0.0 00:00:11 1072  0
 41991  45309  0.0 00:00:11 1072  0
 41991  45310  0.0 00:00:11 1072  0
 41991  45311  0.0 00:00:11 1072  0
 41991  45312  0.0 00:00:01 1072  0
 41991  45313  0.0 00:00:11 1072  0
 41991  45314  0.0 00:00:01 1072  0
 41991  45315  0.0 00:00:11 1072  0
 41991  45316  0.0 00:00:01 1072  0
 41991  45317  0.0 00:00:12 1072  0
 41991  45318  0.0 00:00:01 1072  0
 41991  45319  0.0 00:00:11 1072  0
 41991  45320  0.0 00:00:11 1072  0
 41991  45322  0.0 00:00:01 1072  0
 41991  45323  0.0 00:00:11 1072  0
 41991  45324  0.0 00:00:11 1072  0
 41991  45325  0.0 00:00:01 1072  0
 41991  45327  0.0 00:00:11 1072  0
 41991  45328  0.0 00:00:11 1072  0
 41991  45329  0.0 00:00:01 1072  0
 41991  45330  0.0 00:00:11 1072  0
 41991  45331  0.0 00:00:01 1072  0
 41991  45332  0.0 00:00:11 1072  0
 41991  45333  0.0 00:00:01 1072  0
 41991  45334  0.0 00:00:01 1072  0
 41991  45335  0.0 00:00:12 1072  0
 41991  45336  0.0 00:00:11 1072  0
 41991  45337  0.0 00:00:11 1072  0
 41991  45338  0.0 00:00:01 1072  0
 41991  45339  0.0 00:00:01 1072  0
 41991  45340  0.0 00:00:12 1072  0
 41991  45341  0.0 00:00:01 1072  0
 41991  45342  0.0 00:00:11 1072  0
 41991  45343  0.0 00:00:01 1072  0
 41991  45345  0.0 00:00:11 1072  0
 41991  45346  0.0 00:00:11 1072  0
 41991  45347  0.0 00:00:01 1072  0
 41991  45348  0.0 00:00:01 1072  0
 41991  45349  0.0 00:00:11 1072  0
 41991  45350  0.0 00:00:01 1072  0
 41991  45351  0.0 00:00:01 1072  0
 41991  45352  0.0 00:00:11 1072  0
 41991  45353  0.0 00:00:11 1072  0
 41991  45354  0.0 00:00:01 1072  0
 41991  45355  0.0 00:00:01 1072  0
 41991  45356  0.0 00:00:01 1072  0
 41991  45357  0.0 00:00:12 1072  0
 41991  45358  0.0 00:00:01 1072  0
 41991  45359  0.0 00:00:01 1072  0
 41991  45360  0.0 00:00:11 1072  0
 41991  45361  0.0 00:00:11 1072  0
 41991  45362  0.0 00:00:01 1072  0
 41991  45363  0.0 00:00:11 1072  0
 41991  45364  0.0 00:00:01 1072  0
 41991  45365  0.0 00:00:01 1072  0
 41991  45367  0.0 00:00:11 1072  0
 41991  45368  0.0 00:00:01 1072  0
 41991  45369  0.0 00:00:01 1072  0
 41991  45370  0.0 00:00:11 1072  0
 41991  45371  0.0 00:00:11 1072  0
 41991  45372  0.0 00:00:01 1072  0
 41991  45373  0.0 00:00:11 1072  0
 41991  45374  0.0 00:00:01 1072  0
 41991  45375  0.0 00:00:11 1072  0
 41991  45376  0.0 00:00:01 1072  0
 41991  45377  0.0 00:00:11 1072  0
 41991  45378  0.0 00:00:11 1072  0
 41991  45379  0.0 00:00:01 1072  0
 41991  45380  0.0 00:00:01 1072  0
 41991  45381  0.0 00:00:11 1072  0
 41991  45382  0.0 00:00:11 1072  0
 41991  45383  0.0 00:00:01 1072  0
 41991  45384  0.0 00:00:01 1072  0
 41991  45385  0.0 00:00:01 1072  0
 41991  45386  0.0 00:00:11 1072  0
 41991  45387  0.0 00:00:11 1072  0
 41991  45388  0.0 00:00:01 1072  0
 41991  45389  0.0 00:00:11 1072  0
 41991  45390  0.0 00:00:01 1072  0
 41991  45391  0.0 00:00:12 1072  0
 41991  45392  0.0 00:00:01 1072  0
 41991  45393  0.0 00:00:12 1072  0
 41991  45395  0.0 00:00:01 1072  0
 41991  45396  0.0 00:00:11 1072  0
 41991  45397  0.0 00:00:01 1072  0
 41991  45398  0.0 00:00:11 1072  0
 41991  45399  0.0 00:00:01 1072  0
 41991  45400  0.0 00:00:11 1072  0
 41991  45401  0.0 00:00:01 1072  0
 41991  45402  0.0 00:00:01 1072  0
 41991  45403  0.0 00:00:12 1072  0
 41991  45404  0.0 00:00:11 1072  0
 41991  45405  0.0 00:00:11 1072  0
 41991  45406  0.0 00:00:01 1072  0
 41991  45407  0.0 00:00:01 1072  0
 41991  45408  0.0 00:00:11 1072  0
 41991  45409  0.0 00:00:01 1072  0
 41991  45410  0.0 00:00:11 1072  0
 41991  45411  0.0 00:00:01 1072  0
 41991  45412  0.0 00:00:01 1072  0
 41991  45413  0.0 00:00:01 1072  0
 41991  45414  0.0 00:00:11 1072  0
 41991  45415  0.0 00:00:12 1072  0
 41991  45416  0.0 00:00:01 1072  0
 41991  45417  0.0 00:00:01 1072  0
 41991  45418  0.0 00:00:01 1072  0
 41991  45419  0.0 00:00:01 1072  0
 41991  45420  0.0 00:00:11 1072  0
 41991  45421  0.0 00:00:11 1072  0
 41991  45422  0.0 00:00:01 1072  0
 41991  45423  0.0 00:00:11 1072  0
 41991  45425  0.0 00:00:01 1072  0
 41991  45426  0.0 00:00:01 1072  0
 41991  45427  0.0 00:00:11 1072  0
 41991  45428  0.0 00:00:01 1072  0
 41991  45429  0.0 00:00:01 1072  0
 41991  45430  0.0 00:00:11 1072  0
 41991  45431  0.0 00:00:01 1072  0
 41991  45432  0.0 00:00:11 1072  0
 41991  45433  0.0 00:00:11 1072  0
 41991  45436  0.0 00:00:01 1072  0
 41991  45441  0.0 00:00:01 1072  0
 41991  45445  0.0 00:00:11 1072  0
 41991  45457  0.0 00:00:11 1072  0
 41991  45459  0.0 00:00:11 1072  0
 41991  45460  0.0 00:00:01 1072  0
 41991  45462  0.0 00:00:11 1072  0
 41991  45463  0.0 00:00:11 1072  0
 41991  45464  0.0 00:00:11 1072  0
 41991  45465  0.0 00:00:01 1072  0
 41991  45466  0.0 00:00:01 1072  0
 41991  45467  0.0 00:00:01 1072  0
 41991  45468  0.0 00:00:11 1072  0
 41991  45469  0.0 00:00:01 1072  0
 41991  45470  0.0 00:00:11 1072  0
 41991  45471  0.0 00:00:11 1072  0
 41991  45472  0.0 00:00:11 1072  0
 41991  45473  0.0 00:00:01 1072  0
 41991  45474  0.0 00:00:01 1072  0
 41991  45475  0.0 00:00:11 1072  0
 41991  45476  0.0 00:00:11 1072  0
 41991  45478  0.0 00:00:11 1072  0
 41991  45479  0.0 00:00:11 1072  0
 41991  45480  0.0 00:00:11 1072  0
 41991  45481  0.0 00:00:11 1072  0
 41991  45482  0.0 00:00:01 1072  0
 41991  45483  0.0 00:00:01 1072  0
 41991  45484  0.0 00:00:01 1072  0
 41991  45485  0.0 00:00:11 1072  0
 41991  45486  0.0 00:00:01 1072  0
 41991  45487  0.0 00:00:11 1072  0
 41991  45488  0.0 00:00:01 1072  0
 41991  45489  0.0 00:00:11 1072  0
 41991  45490  0.0 00:00:11 1072  0
 41991  45491  0.0 00:00:01 1072  0
 41991  45493  0.0 00:00:11 1072  0
 41991  45494  0.0 00:00:11 1072  0
 41991  45495  0.0 00:00:11 1072  0
 41991  45496  0.0 00:00:11 1072  0
 41991  45497  0.0 00:00:11 1072  0
 41991  45498  0.0 00:00:11 1072  0
 41991  45499  0.0 00:00:11 1072  0
 41991  45500  0.0 00:00:01 1072  0
 41991  45501  0.0 00:00:01 1072  0
 41991  45502  0.0 00:00:11 1072  0
 41991  45503  0.0 00:00:01 1072  0
 41991  45504  0.0 00:00:12 1072  0
 41991  45505  0.0 00:00:01 1072  0
 41991  45506  0.0 00:00:11 1072  0
 41991  45508  0.0 00:00:01 1072  0
 41991  45509  0.0 00:00:11 1072  0
 41991  45510  0.0 00:00:01 1072  0
 41991  45511  0.0 00:00:01 1072  0
 41991  45512  0.0 00:00:11 1072  0
 41991  45513  0.0 00:00:11 1072  0
 41991  45514  0.0 00:00:11 1072  0
 41991  45515  0.0 00:00:01 1072  0
 41991  45516  0.0 00:00:01 1072  0
 41991  45517  0.0 00:00:11 1072  0
 41991  45518  0.0 00:00:11 1072  0
 41991  45519  0.0 00:00:01 1072  0
 41991  45520  0.0 00:00:11 1072  0
 41991  45521  0.0 00:00:01 1072  0
 41991  45522  0.0 00:00:11 1072  0
 41991  45523  0.0 00:00:01 1072  0
 41991  45524  0.0 00:00:11 1072  0
 41991  45525  0.0 00:00:01 1072  0
 41991  45526  0.0 00:00:01 1072  0
 41991  45527  0.0 00:00:11 1072  0
 41991  45528  0.0 00:00:01 1072  0
 41991  45529  0.0 00:00:11 1072  0
 41991  45530  0.0 00:00:01 1072  0
 41991  45531  0.0 00:00:01 1072  0
 41991  45532  0.0 00:00:11 1072  0
 41991  45533  0.0 00:00:11 1072  0
 41991  45534  0.0 00:00:01 1072  0
 41991  45535  0.0 00:00:11 1072  0
 41991  45536  0.0 00:00:11 1072  0
 41991  45537  0.0 00:00:11 1072  0
 41991  45538  0.0 00:00:01 1072  0
 41991  45539  0.0 00:00:01 1072  0
 41991  45540  0.0 00:00:11 1072  0
 41991  45542  0.0 00:00:11 1072  0
 41991  45543  0.0 00:00:01 1072  0
 41991  45544  0.0 00:00:01 1072  0
 41991  45545  0.0 00:00:12 1072  0
 41991  45546  0.0 00:00:11 1072  0
 41991  45547  0.0 00:00:01 1072  0
 41991  45548  0.0 00:00:01 1072  0
 41991  45549  0.0 00:00:01 1072  0
 41991  45550  0.0 00:00:11 1072  0
 41991  45551  0.0 00:00:01 1072  0
 41991  45552  0.0 00:00:11 1072  0
 41991  45553  0.0 00:00:12 1072  0
 41991  45554  0.0 00:00:01 1072  0
 41991  45555  0.0 00:00:11 1072  0
 41991  45556  0.0 00:00:11 1072  0
 41991  45557  0.0 00:00:01 1072  0
 41991  45558  0.0 00:00:01 1072  0
 41991  45559  0.0 00:00:01 1072  0
 41991  45560  0.0 00:00:01 1072  0
 41991  45561  0.0 00:00:11 1072  0
 41991  45562  0.0 00:00:01 1072  0
 41991  45563  0.0 00:00:01 1072  0
 41991  45564  0.0 00:00:11 1072  0
 41991  45565  0.0 00:00:01 1072  0
 41991  45566  0.0 00:00:01 1072  0
 41991  45567  0.0 00:00:11 1072  0
 41991  45568  0.0 00:00:11 1072  0
 41991  45569  0.0 00:00:01 1072  0
 41991  45570  0.0 00:00:01 1072  0
 41991  45571  0.0 00:00:11 1072  0
 41991  45572  0.0 00:00:11 1072  0
 41991  45573  0.0 00:00:11 1072  0
 41991  45574  0.0 00:00:01 1072  0
 41991  45575  0.0 00:00:01 1072  0
 41991  45576  0.0 00:00:01 1072  0
 41991  45577  0.0 00:00:01 1072  0
 41991  45578  0.0 00:00:11 1072  0
 41991  45579  0.0 00:00:12 1072  0
 41991  45580  0.0 00:00:01 1072  0
 41991  45581  0.0 00:00:01 1072  0
 41991  45583  0.0 00:00:11 1072  0
 41991  45584  0.0 00:00:01 1072  0
 41991  45585  0.0 00:00:11 1072  0
 41991  45586  0.0 00:00:01 1072  0
 41991  45587  0.0 00:00:01 1072  0
 41991  45588  0.0 00:00:11 1072  0
 41991  45589  0.0 00:00:01 1072  0
 41991  45590  0.0 00:00:11 1072  0
 41991  45591  0.0 00:00:11 1072  0
 41991  45593  0.0 00:00:01 1072  0
 41991  45594  0.0 00:00:11 1072  0
 41991  45595  0.0 00:00:01 1072  0
 41991  45596  0.0 00:00:12 1072  0
 41991  45597  0.0 00:00:01 1072  0
 41991  45598  0.0 00:00:11 1072  0
 41991  45599  0.0 00:00:01 1072  0
 41991  45600  0.0 00:00:11 1072  0
 41991  45601  0.0 00:00:11 1072  0
 41991  45602  0.0 00:00:11 1072  0
 41991  45603  0.0 00:00:01 1072  0
 41991  45604  0.0 00:00:01 1072  0
 41991  45605  0.0 00:00:01 1072  0
 41991  45606  0.0 00:00:12 1072  0
 41991  45608  0.0 00:00:11 1072  0
 41991  45609  0.0 00:00:01 1072  0
 41991  45610  0.0 00:00:11 1072  0
 41991  45611  0.0 00:00:01 1072  0
 41991  45612  0.0 00:00:11 1072  0
 41991  45613  0.0 00:00:01 1072  0
 41991  45614  0.0 00:00:01 1072  0
 41991  45615  0.0 00:00:11 1072  0
 41991  45616  0.0 00:00:11 1072  0
 41991  45617  0.0 00:00:01 1072  0
 41991  45618  0.0 00:00:11 1072  0
 41991  45619  0.0 00:00:01 1072  0
 41991  45620  0.0 00:00:11 1072  0
 41991  45621  0.0 00:00:01 1072  0
 41991  45622  0.0 00:00:11 1072  0
 41991  45623  0.0 00:00:01 1072  0
 41991  45624  0.0 00:00:11 1072  0
 41991  45625  0.0 00:00:01 1072  0
 41991  45627  0.0 00:00:11 1072  0
 41991  45628  0.0 00:00:01 1072  0
 41991  45629  0.0 00:00:01 1072  0
 41991  45630  0.0 00:00:11 1072  0
 41991  45631  0.0 00:00:01 1072  0
 41991  45648  0.0 00:00:11 1072  0
 41991  45650  0.0 00:00:11 1072  0
 41991  45659  0.0 00:00:01 1072  0
 41991  45660  0.0 00:00:11 1072  0
 41991  45661  0.0 00:00:11 1072  0
 41991  45662  0.0 00:00:12 1072  0
 41991  45663  0.0 00:00:11 1072  0
 41991  45664  0.0 00:00:11 1072  0
 41991  45665  0.0 00:00:01 1072  0
 41991  45666  0.0 00:00:11 1072  0
 41991  45667  0.0 00:00:01 1072  0
 41991  45668  0.0 00:00:01 1072  0
 41991  45669  0.0 00:00:11 1072  0
 41991  45670  0.0 00:00:01 1072  0
 41991  45671  0.0 00:00:01 1072  0
 41991  45672  0.0 00:00:01 1072  0
 41991  45673  0.0 00:00:11 1072  0
 41991  45674  0.0 00:00:01 1072  0
 41991  45675  0.0 00:00:11 1072  0
 41991  45676  0.0 00:00:11 1072  0
 41991  45677  0.0 00:00:01 1072  0
 41991  45678  0.0 00:00:01 1072  0
 41991  45681  0.0 00:00:11 1072  0
 41991  45682  0.0 00:00:01 1072  0
 41991  45683  0.0 00:00:11 1072  0
 41991  45684  0.0 00:00:12 1072  0
 41991  45685  0.0 00:00:01 1072  0
 41991  45686  0.0 00:00:01 1072  0
 41991  45687  0.0 00:00:11 1072  0
 41991  45688  0.0 00:00:11 1072  0
 41991  45689  0.0 00:00:01 1072  0
 41991  45690  0.0 00:00:01 1072  0
 41991  45691  0.0 00:00:11 1072  0
 41991  45693  0.0 00:00:11 1072  0
 41991  45707  0.0 00:00:11 1072  0
 41991  45711  0.0 00:00:01 1072  0
 41991  45718  0.0 00:00:01 1072  0
 41991  45721  0.0 00:00:11 1072  0
 41991  45722  0.0 00:00:01 1072  0
 41991  45724  0.0 00:00:11 1072  0
 41991  45725  0.0 00:00:01 1072  0
 41991  45726  0.0 00:00:11 1072  0
 41991  45727  0.0 00:00:01 1072  0
 41991  45728  0.0 00:00:11 1072  0
 41991  45729  0.0 00:00:01 1072  0
 41991  45731  0.0 00:00:11 1072  0
 41991  45732  0.0 00:00:11 1072  0
 41991  45733  0.0 00:00:11 1072  0
 41991  45734  0.0 00:00:11 1072  0
 41991  45735  0.0 00:00:11 1072  0
 41991  45736  0.0 00:00:01 1072  0
 41991  45737  0.0 00:00:01 1072  0
 41991  45739  0.0 00:00:11 1072  0
 41991  45740  0.0 00:00:01 1072  0
 41991  45741  0.0 00:00:11 1072  0
 41991  45742  0.0 00:00:11 1072  0
 41991  45743  0.0 00:00:01 1072  0
 41991  45748  0.0 00:00:01 1072  0
 41991  45770  0.0 00:00:11 1072  0
 41991  45771  0.0 00:00:11 1072  0
 41991  45772  0.0 00:00:01 1072  0
 41991  45773  0.0 00:00:12 1072  0
 41991  45774  0.0 00:00:01 1072  0
 41991  45775  0.0 00:00:01 1072  0
 41991  45776  0.0 00:00:11 1072  0
 41991  45777  0.0 00:00:11 1072  0
 41991  45778  0.0 00:00:01 1072  0
 41991  45779  0.0 00:00:11 1072  0
 41991  45780  0.0 00:00:01 1072  0
 41991  45781  0.0 00:00:11 1072  0
 41991  45782  0.0 00:00:12 1072  0
 41991  45783  0.0 00:00:01 1072  0
 41991  45784  0.0 00:00:01 1072  0
 41991  45786  0.0 00:00:11 1072  0
 41991  45788  0.0 00:00:01 1072  0
 41991  45789  0.0 00:00:11 1072  0
 41991  45790  0.0 00:00:01 1072  0
 41991  45791  0.0 00:00:11 1072  0
 41991  45792  0.0 00:00:01 1072  0
 41991  45793  0.0 00:00:01 1072  0
 41991  45794  0.0 00:00:11 1072  0
 41991  45795  0.0 00:00:11 1072  0
 41991  45796  0.0 00:00:11 1072  0
 41991  45797  0.0 00:00:01 1072  0
 41991  45798  0.0 00:00:01 1072  0
 41991  45799  0.0 00:00:01 1072  0
 41991  45800  0.0 00:00:01 1072  0
 41991  45801  0.0 00:00:12 1072  0
 41991  45802  0.0 00:00:11 1072  0
 41991  45803  0.0 00:00:01 1072  0
 41991  45804  0.0 00:00:01 1072  0
 41991  45805  0.0 00:00:01 1072  0
 41991  45833  0.0 00:00:12 1072  0
 41991  45834  0.0 00:00:01 1072  0
 41991  45835  0.0 00:00:11 1072  0
 41991  45836  0.0 00:00:01 1072  0
 41991  45837  0.0 00:00:01 1072  0
 41991  45838  0.0 00:00:11 1072  0
 41991  45839  0.0 00:00:11 1072  0
 41991  45840  0.0 00:00:01 1072  0
 41991  45841  0.0 00:00:11 1072  0
 41991  45842  0.0 00:00:01 1072  0
 41991  45843  0.0 00:00:01 1072  0
 41991  45845  0.0 00:00:00 1072  0
 41991  45847  0.0 00:00:11 1072  0
 41991  45848  0.0 00:00:01 1072  0
 41991  45874  0.0 00:00:11 1072  0
 41991  45875  0.0 00:00:01 1072  0
 41991  45876  0.0 00:00:11 1072  0
 41991  45877  0.0 00:00:01 1072  0
 41991  45880  0.0 00:00:11 1072  0
 41991  45881  0.0 00:00:01 1072  0
 41991  45882  0.0 00:00:01 1072  0
 41991  45883  0.0 00:00:11 1072  0
 41991  45884  0.0 00:00:12 1072  0
 41991  45885  0.0 00:00:01 1072  0
 41991  45886  0.0 00:00:11 1072  0
 41991  45887  0.0 00:00:01 1072  0
 41991  45888  0.0 00:00:11 1072  0
 41991  45889  0.0 00:00:11 1072  0
 41991  45890  0.0 00:00:01 1072  0
 41991  45891  0.0 00:00:11 1072  0
 41991  45892  0.0 00:00:01 1072  0
 41991  45893  0.0 00:00:11 1072  0
 41991  45894  0.0 00:00:01 1072  0
 41991  45895  0.0 00:00:11 1072  0
 41991  45896  0.0 00:00:11 1072  0
 41991  45897  0.0 00:00:11 1072  0
 41991  45900  0.0 00:00:01 1072  0
 41991  45904  0.0 00:00:11 1072  0
 41991  45915  0.0 00:00:12 1072  0
 41991  45916  0.0 00:00:01 1072  0
 41991  45917  0.0 00:00:01 1072  0
 41991  45921  0.0 00:00:11 1072  0
 41991  45928  0.0 00:00:12 1072  0
 41991  45930  0.0 00:00:01 1072  0
 41991  45931  0.0 00:00:01 1072  0
 41991  45932  0.0 00:00:11 1072  0
 41991  45933  0.0 00:00:01 1072  0
 41991  45935  0.0 00:00:11 1072  0
 41991  45936  0.0 00:00:11 1072  0
 41991  45937  0.0 00:00:11 1072  0
 41991  45938  0.0 00:00:11 1072  0
 41991  45939  0.0 00:00:01 1072  0
 41991  45940  0.0 00:00:11 1072  0
 41991  45941  0.0 00:00:11 1072  0
 41991  45942  0.0 00:00:11 1072  0
 41991  45943  0.0 00:00:01 1072  0
 41991  45944  0.0 00:00:11 1072  0
 41991  45945  0.0 00:00:11 1072  0
 41991  45946  0.0 00:00:01 1072  0
 41991  45947  0.0 00:00:01 1072  0
 41991  45948  0.0 00:00:11 1072  0
 41991  45949  0.0 00:00:01 1072  0
 41991  45950  0.0 00:00:01 1072  0
 41991  45951  0.0 00:00:01 1072  0
 41991  45952  0.0 00:00:11 1072  0
 41991  45954  0.0 00:00:11 1072  0
 41991  45955  0.0 00:00:01 1072  0
 41991  45956  0.0 00:00:01 1072  0
 41991  45957  0.0 00:00:11 1072  0
 41991  45959  0.0 00:00:01 1072  0
 41991  45960  0.0 00:00:12 1072  0
 41991  45961  0.0 00:00:11 1072  0
 41991  45962  0.0 00:00:01 1072  0
 41991  45963  0.0 00:00:01 1072  0
 41991  45964  0.0 00:00:01 1072  0
 41991  45965  0.0 00:00:11 1072  0
 41991  45966  0.0 00:00:01 1072  0
 41991  45967  0.0 00:00:01 1072  0
 41991  45993  0.0 00:00:11 1072  0
 41991  45994  0.0 00:00:11 1072  0
 41991  45995  0.0 00:00:01 1072  0
 41991  45996  0.0 00:00:01 1072  0
 41991  45997  0.0 00:00:11 1072  0
 41991  45998  0.0 00:00:01 1072  0
 41991  46001  0.0 00:00:11 1072  0
 41991  46002  0.0 00:00:11 1072  0
 41991  46003  0.0 00:00:01 1072  0
 41991  46004  0.0 00:00:01 1072  0
 41991  46005  0.0 00:00:11 1072  0
 41991  46006  0.0 00:00:01 1072  0
 41991  46007  0.0 00:00:12 1072  0
 41991  46008  0.0 00:00:12 1072  0
 41991  46009  0.0 00:00:01 1072  0
 41991  46010  0.0 00:00:01 1072  0
 41991  46011  0.0 00:00:12 1072  0
 41991  46012  0.0 00:00:01 1072  0
 41991  46013  0.0 00:00:11 1072  0
 41991  46014  0.0 00:00:01 1072  0
 41991  46016  0.0 00:00:12 1072  0
 41991  46017  0.0 00:00:01 1072  0
 41991  46018  0.0 00:00:01 1072  0
 41991  46044  0.0 00:00:11 1072  0
 41991  46045  0.0 00:00:01 1072  0
 41991  46046  0.0 00:00:11 1072  0
 41991  46047  0.0 00:00:01 1072  0
 41991  46048  0.0 00:00:11 1072  0
 41991  46049  0.0 00:00:01 1072  0
 41991  46050  0.0 00:00:11 1072  0
 41991  46051  0.0 00:00:01 1072  0
 41991  46054  0.0 00:00:11 1072  0
 41991  46055  0.0 00:00:01 1072  0
 41991  46056  0.0 00:00:11 1072  0
 41991  46057  0.0 00:00:01 1072  0
 41991  46083  0.0 00:00:11 1072  0
 41991  46084  0.0 00:00:01 1072  0
 41991  46085  0.0 00:00:11 1072  0
 41991  46086  0.0 00:00:01 1072  0
 41991  46087  0.0 00:00:01 1072  0
 41991  46088  0.0 00:00:11 1072  0
 41991  46089  0.0 00:00:11 1072  0
 41991  46090  0.0 00:00:01 1072  0
 41991  46092  0.0 00:00:11 1072  0
 41991  46093  0.0 00:00:01 1072  0
 41991  46094  0.0 00:00:11 1072  0
 41991  46095  0.0 00:00:01 1072  0
 41991  46097  0.0 00:00:11 1072  0
 41991  46098  0.0 00:00:01 1072  0
 41991  46099  0.0 00:00:01 1072  0
 41991  46100  0.0 00:00:11 1072  0
 41991  46102  0.0 00:00:01 1072  0
 41991  46103  0.0 00:00:01 1072  0
 41991  46104  0.0 00:00:11 1072  0
 41991  46105  0.0 00:00:01 1072  0
 41991  46106  0.0 00:00:01 1072  0
 41991  46132  0.0 00:00:11 1072  0
 41991  46133  0.0 00:00:01 1072  0
 41991  46134  0.0 00:00:11 1072  0
 41991  46135  0.0 00:00:01 1072  0
 41991  46136  0.0 00:00:11 1072  0
 41991  46137  0.0 00:00:01 1072  0
 41991  46140  0.0 00:00:11 1072  0
 41991  46141  0.0 00:00:01 1072  0
 41991  46142  0.0 00:00:11 1072  0
 41991  46148  0.0 00:00:01 1072  0
 41991  46157  0.0 00:00:11 1072  0
 41991  46158  0.0 00:00:01 1072  0
 41991  46159  0.0 00:00:11 1072  0
 41991  46160  0.0 00:00:01 1072  0
 41991  46162  0.0 00:00:11 1072  0
 41991  46163  0.0 00:00:01 1072  0
 41991  46164  0.0 00:00:11 1072  0
 41991  46165  0.0 00:00:01 1072  0
 41991  46166  0.0 00:00:01 1072  0
 41991  46167  0.0 00:00:11 1072  0
 41991  46168  0.0 00:00:11 1072  0
 41991  46169  0.0 00:00:01 1072  0
 41991  46170  0.0 00:00:11 1072  0
 41991  46171  0.0 00:00:01 1072  0
 41991  46173  0.0 00:00:11 1072  0
 41991  46174  0.0 00:00:01 1072  0
 41991  46175  0.0 00:00:01 1072  0
 41991  46176  0.0 00:00:11 1072  0
 41991  46177  0.0 00:00:01 1072  0
 41991  46178  0.0 00:00:01 1072  0
 41991  46179  0.0 00:00:11 1072  0
 41991  46180  0.0 00:00:01 1072  0
 41991  46181  0.0 00:00:01 1072  0
 41991  46182  0.0 00:00:11 1072  0
 41991  46183  0.0 00:00:11 1072  0
 41991  46184  0.0 00:00:01 1072  0
 41991  46185  0.0 00:00:01 1072  0
 41991  46187  0.0 00:00:11 1072  0
 41991  46188  0.0 00:00:01 1072  0
 41991  46189  0.0 00:00:01 1072  0
 41991  46190  0.0 00:00:11 1072  0
 41991  46191  0.0 00:00:11 1072  0
 41991  46192  0.0 00:00:01 1072  0
 41991  46193  0.0 00:00:11 1072  0
 41991  46194  0.0 00:00:01 1072  0
 41991  46195  0.0 00:00:11 1072  0
 41991  46196  0.0 00:00:11 1072  0
 41991  46197  0.0 00:00:01 1072  0
 41991  46198  0.0 00:00:01 1072  0
 41991  46199  0.0 00:00:11 1072  0
 41991  46200  0.0 00:00:01 1072  0
 41991  46201  0.0 00:00:11 1072  0
 41991  46202  0.0 00:00:01 1072  0
 41991  46203  0.0 00:00:11 1072  0
 41991  46204  0.0 00:00:01 1072  0
 41991  46205  0.0 00:00:01 1072  0
 41991  46206  0.0 00:00:11 1072  0
 41991  46207  0.0 00:00:11 1072  0
 41991  46208  0.0 00:00:01 1072  0
 41991  46209  0.0 00:00:01 1072  0
 41991  46211  0.0 00:00:11 1072  0
 41991  46212  0.0 00:00:12 1072  0
 41991  46213  0.0 00:00:01 1072  0
 41991  46214  0.0 00:00:01 1072  0
 41991  46215  0.0 00:00:01 1072  0
 41991  46216  0.0 00:00:11 1072  0
 41991  46217  0.0 00:00:11 1072  0
 41991  46218  0.0 00:00:01 1072  0
 41991  46219  0.0 00:00:01 1072  0
 41991  46220  0.0 00:00:01 1072  0
 41991  46222  0.0 00:00:11 1072  0
 41991  46223  0.0 00:00:01 1072  0
 41991  46648  0.0 00:00:00 1072  0
 41991  47030  0.0 00:00:00 1072  0
 41991  47739  0.0 00:00:00 1072  0
 41991  47904  0.0 00:00:00 1072  0
 41991  48516  0.0 00:00:00 1072  0
 41991  48668  0.0 00:00:00 1072  0
 41991  38658  0.0 00:00:00 1072  0
 41991  48823  0.0 00:00:00 1072  0
 41991  48824  0.0 00:00:00 1072  0
 41991  49158  0.0 00:00:00 1072  0
 41991  51160  0.0 00:00:00 1072  0
 41991  51190  0.0 00:00:00 1072  0
